00000000
00000000
00000000
00000000
00010001
00100110
00010101
00001110
00000010
00000001
00000001
00000001
00000001
00000001
00000001
00000001
00000001
00000001
00000001
00000001
00000001
00000001
00000001
00000001
00000001
00000001
00000001
00000001
00000001
00000001
00000010
00000010
00000001
00000001
00000001
00000001
00000001
00000001
00000001
00000010
00000010
00000001
00000001
00000001
00000010
00000010
00000001
00000001
00000001
00000001
00000001
00000001
00000001
00000001
00000001
00000001
00000001
00000010
00000101
00001000
00000100
00000010
00000000
00000000
00000000
00000000
00000000
00000000
00000000
00000000
00000000
00000000
00000000
00000000
00000000
00000000
00000000
00000000
00000000
00000000
00000000
00000000
00000000
00000000
00000000
00000000
00000000
00000000
00000010
00000100
00000101
00000110
00000101
00000101
00000100
00000100
00000100
00000100
00000100
00000100
00000101
00000101
00000100
00000100
00000101
00000110
00000101
00000101
00000101
00000110
00000110
00000111
00000110
00000100
00000011
00000100
00000110
00000011
00000010
00000000
00000000
00000000
00000000
00000000
00000000
00000000
00000000
00000000
00000000
00000000
00000000
00000000
00000000
00000000
00000000
00000000
00000000
00000000
00000001
00000001
00000001
00000001
00000001
00000001
00000001
00000001
00000001
00000001
00000001
00000001
00000001
00000001
00000000
00000000
00000000
00000000
00000001
00000111
00001000
00000100
00000100
00000101
00000111
00000101
00000111
00001000
00001000
00001010
00001000
00000101
00001000
00000100
00000000
00000000
00000000
00000000
00000000
00000000
00000000
00000000
00000000
00000000
00000000
00000000
00000000
00000000
00000000
00000000
00000000
00000000
00000000
00000000
00000000
00000000
00000000
00000000
00000000
00000000
00000011
00000100
00000001
00000000
00000000
00000000
00000000
00000001
00000000
00000001
00000000
00000001
00000001
00000000
00000001
00000000
00000000
00000001
00000000
00000001
00000000
00000000
00000000
00000001
00000000
00000000
00000001
00000000
00000000
00000000
00000001
00000000
00000000
00000000
00000001
00000000
00000000
00000001
00000000
00000001
00000000
00000000
00000001
00000000
00000000
00000000
00000000
00000000
00000000
00000000
00000000
00000000
00000000
00000000
00000000
00000000
00000000
00000000
