00000000
00000000
00000000
00000000
00000000
00000000
00000110
00001101
00001010
00001000
00000111
00001000
00000100
00000011
00000001
00000001
00000000
00000000
00000000
00000000
00000001
00000000
00000000
00000000
00000000
00000000
00000000
00000000
00000001
00000001
00000001
00000001
00000111
00001111
00001000
00000110
00000001
00000001
00000001
00000001
00000001
00000001
00000001
00000001
00000000
00000000
00000000
00000001
00000010
00000010
00000011
00000101
00000111
00000111
00001000
00001101
00010010
00010010
00001000
00000011
00000000
00000000
00000000
00000000
00000000
00000000
00000000
00000000
00000000
00000000
00000000
00000000
00000001
00000010
00000010
00000010
00000010
00000011
00000010
00000001
00000010
00000010
00000010
00000010
00000010
00000001
00000001
00000000
00000000
00000000
00000000
00000001
00000010
00000001
00000001
00000000
00000000
00000001
00000000
00000001
00000010
00000011
00000010
00000010
00000010
00000011
00000110
00001110
00010011
00001101
00001010
00001011
00001111
00000111
00000100
00000000
00000000
00000000
00000000
00000000
00000000
00000000
00000000
00000000
00000000
00000000
00000000
00000000
00000000
00000000
00000000
00000000
00000000
00000000
00000000
00000000
00000000
00000000
00000000
00000000
00000011
00000100
00000010
00000001
00000001
00000001
00000010
00000001
00000000
00000000
00000000
00000000
00000000
00000000
00000000
00000000
00000000
00000010
00000001
00000001
00000010
00000010
00000010
00000010
00000001
00000010
00000001
00000000
00000010
00000001
00000001
00000010
00000010
00000010
00000010
00000011
00000011
00000010
00001001
00000111
00000000
00000000
00000000
00000000
00000000
00000000
00000000
00000000
00000000
00000000
00000000
00000000
00000000
00000000
00000000
00000000
00000000
00000000
00000000
00000000
00000000
00000000
00000000
00000000
00000000
00000000
00000011
00001011
00000110
00000010
00000011
00000010
00000010
00000011
00000010
00000010
00000010
00000100
00000111
00000111
00000100
00000011
00000010
00000010
00000001
00000001
00000000
00000000
00000000
00000000
00000001
00000000
00000000
00000000
00000001
00000000
00000000
00000000
00000111
00000110
00000110
00000100
00000000
00000000
00000000
00000000
00000000
00000000
00000000
00000000
00000000
00000000
00000000
00000000
00000000
00000000
