00000000
00000000
00000000
00000000
00000000
00000000
00000000
00000000
00000000
00000000
00000000
00000000
00000000
00000010
00000111
00001000
00000110
00000100
00000010
00000011
00000101
00000110
00000011
00000010
00000001
00000010
00000010
00000001
00000010
00000010
00000010
00000001
00000010
00000010
00000010
00000010
00000010
00000010
00000010
00000010
00000001
00000010
00000010
00000010
00000001
00000001
00010001
00100011
00010010
00001011
00000000
00000000
00000000
00000000
00000000
00000000
00000000
00000000
00000000
00000000
00000000
00000000
00000000
00000000
00000000
00000000
00000000
00000000
00000000
00000000
00000000
00000000
00000000
00000000
00000000
00000000
00000000
00000000
00000000
00000000
00000000
00000000
00000000
00000000
00000000
00000000
00000010
00000010
00000010
00000010
00000011
00000101
00000011
00000100
00000011
00000011
00000011
00000010
00000011
00000011
00000011
00000100
00000100
00000110
00001011
00001111
00000111
00000100
00000000
00000000
00000000
00000000
00000001
00000100
00000101
00000011
00000001
00000000
00000000
00000000
00000000
00000000
00000000
00000000
00000000
00000000
00000000
00000000
00000000
00000000
00000000
00000000
00000000
00000000
00000000
00000000
00000000
00000000
00000000
00000000
00000000
00000000
00000000
00000000
00000000
00000000
00000000
00000000
00000000
00000000
00000111
00001001
00000011
00000001
00000000
00000001
00000000
00000001
00000001
00000001
00000011
00000111
00010100
00010001
00000001
00000001
00000001
00000001
00000001
00000001
00000001
00000001
00000001
00000001
00000001
00000001
00000011
00000101
00000011
00000000
00000000
00000000
00000000
00000000
00000000
00000000
00000000
00000000
00000000
00000000
00000000
00000000
00000000
00000000
00000000
00000000
00000000
00000000
00000000
00000000
00000000
00000000
00000000
00000000
00000000
00000000
00000000
00000000
00000000
00000001
00001000
00000111
00000100
00000001
00000001
00000000
00000001
00000001
00000000
00000000
00000001
00000101
00000011
00000001
00000011
00000011
00000001
00000001
00000001
00000001
00000001
00000001
00000001
00000000
00000000
00000000
00000000
00000000
00000000
00000000
00000000
00000000
00000000
00000000
00000000
00000000
00000000
00000000
00000000
00000000
00000000
00000000
00000000
00000000
00000000
00000000
