00000000
00000000
00000000
00000001
00000111
00001100
00001000
00000110
00000001
00000001
00000001
00000001
00000001
00000000
00000000
00000001
00000010
00000010
00000001
00000001
00000001
00000001
00000001
00000010
00000010
00000010
00000010
00000100
00000101
00000110
00000111
00000111
00000100
00000010
00000000
00000001
00000101
00000111
00001000
00000111
00000110
00000100
00000011
00000010
00000010
00000010
00000001
00000001
00000001
00000001
00000000
00000000
00000000
00000000
00000001
00000010
00000100
00000101
00000111
00001001
00001001
00000100
00000010
00000000
00000000
00000000
00000000
00000000
00000000
00000000
00000000
00000000
00000000
00000000
00000000
00000000
00000000
00000000
00000001
00000110
00001100
00001010
00001010
00001000
00000110
00001000
00000110
00000100
00000010
00000001
00000000
00000000
00000000
00000001
00000000
00000000
00000000
00000000
00000000
00000000
00000000
00000001
00000010
00000010
00000010
00000011
00000011
00000100
00000100
00000101
00000111
00001110
00010100
00001100
00001101
00001100
00000110
00000011
00000000
00000000
00000000
00000000
00000000
00000000
00000000
00000000
00000000
00000000
00000000
00000000
00000000
00000000
00000000
00000000
00000000
00000000
00000000
00000000
00000000
00000000
00000000
00000000
00000000
00000000
00000101
00000101
00000110
00000110
00000000
00000000
00000001
00000001
00000000
00000000
00000000
00000001
00000001
00000001
00000110
00001001
00000011
00000011
00000010
00001101
00001011
00000000
00000000
00000000
00000000
00000000
00000000
00000000
00000000
00000000
00000000
00000000
00000000
00000000
00000001
00000001
00000010
00000100
00000110
00000010
00000000
00000000
00000000
00000000
00000000
00000000
00000000
00000000
00000000
00000000
00000000
00000000
00000000
00000000
00000000
00000000
00000000
00000011
00000101
00000011
00000010
00000010
00000010
00000001
00000001
00000001
00000001
00000000
00000001
00000000
00000000
00000000
00000000
00000000
00000001
00000001
00001101
00001010
00000100
00000010
00000010
00000010
00000011
00000101
00000011
00000000
00000000
00000000
00000000
00000000
00000000
00000000
00000001
00000010
00000010
00000011
00000110
00000110
00000001
00000000
00000000
00000000
00000000
00000000
00000000
00000000
00000000
00000000
00000000
00000000
00000000
00000000
