00000000
00000000
00000000
00000000
00000000
00000000
00000001
00000010
00000010
00000010
00000010
00000010
00000001
00000001
00000001
00000001
00000001
00000001
00000001
00000001
00000010
00000010
00000010
00000001
00000001
00000001
00000010
00000010
00000001
00000000
00000000
00000000
00000000
00000011
00010010
00011100
00001111
00001001
00000000
00000000
00000000
00000000
00000000
00000000
00000000
00000000
00000000
00000000
00000000
00000000
00000000
00000001
00000000
00000000
00000000
00000000
00000000
00000000
00000011
00000111
00000011
00000010
00000000
00000000
00000000
00000000
00000000
00000000
00000000
00000000
00000000
00000000
00000000
00000000
00000000
00000000
00000000
00000000
00000000
00000000
00000000
00000001
00000010
00000011
00000011
00000011
00000011
00000011
00000011
00000011
00000011
00000011
00000010
00000010
00000010
00000001
00000001
00000001
00000001
00000011
00001100
00010000
00001101
00010010
00010100
00001010
00000101
00000000
00000000
00000000
00000000
00000000
00000000
00000000
00000011
00000110
00000011
00000010
00000000
00000000
00000000
00000000
00000000
00000000
00000000
00000000
00000000
00000000
00000000
00000000
00000000
00000000
00000000
00000000
00000000
00000000
00000000
00000000
00000000
00000000
00000000
00000000
00000000
00000000
00000000
00000000
00000000
00000010
00001010
00001101
00001100
00000111
00000010
00000010
00000001
00000010
00000010
00000010
00000011
00000011
00000011
00000011
00000010
00000000
00000000
00000000
00000001
00000011
00000010
00000010
00000011
00000110
00000101
00000011
00000010
00000001
00000011
00000001
00000000
00000000
00000000
00000000
00000000
00000000
00000000
00000000
00000000
00000000
00000000
00000000
00000000
00000000
00000000
00000000
00000000
00000000
00000000
00000000
00000000
00000000
00000000
00000000
00000000
00000000
00000010
00000010
00000010
00000010
00000010
00000010
00000010
00000010
00000010
00000011
00000110
00000011
00000010
00000011
00000100
00000001
00000000
00000001
00000001
00000010
00000011
00000011
00000100
00000100
00000100
00000100
00000001
00000001
00000010
00000001
00000001
00000001
00000000
00000000
00000000
00000000
00000000
00000000
00000000
00000000
00000000
00000000
00000000
00000000
00000000
00000000
00000000
00000000
00000000
00000000
00000000
00000000
