00000000
00000000
00000000
00000000
00000101
00001011
00001001
00000111
00000101
00000011
00000001
00000001
00000010
00000011
00000011
00000010
00000010
00000001
00000001
00000001
00000000
00000000
00000000
00000000
00000001
00000000
00000001
00000001
00000010
00000011
00000101
00001110
00010111
00001011
00000110
00000000
00000000
00000000
00000001
00000000
00000000
00000000
00000000
00000000
00000000
00000000
00000000
00000000
00000000
00000001
00000000
00000000
00000000
00000000
00000000
00000000
00000000
00000000
00000000
00000000
00000000
00000000
00000000
00000000
00000000
00000000
00000000
00000000
00000000
00000000
00000000
00000000
00000000
00000000
00000000
00000000
00000000
00000000
00000001
00000100
00000101
00000101
00000100
00000010
00000100
00000100
00000011
00000010
00000001
00000001
00000001
00000000
00000001
00000001
00000000
00000000
00000000
00000001
00000000
00000000
00000000
00000000
00000000
00000000
00000100
00001110
00010010
00010000
00001100
00001011
00010010
00010100
00001010
00000101
00000000
00000000
00000000
00000000
00000000
00000000
00000000
00000000
00000000
00000000
00000000
00000000
00000000
00000000
00000000
00000000
00000000
00000000
00000000
00000000
00000000
00000000
00000000
00000000
00000000
00000000
00000000
00000000
00000000
00000000
00000000
00001011
00001100
00000101
00000010
00000001
00000000
00000000
00000000
00000000
00000001
00000010
00000010
00000010
00000010
00000010
00000100
00000100
00000010
00000001
00000010
00000100
00000010
00000010
00000010
00000010
00000010
00000001
00000001
00000001
00000010
00000010
00000001
00000001
00000001
00000001
00000000
00000000
00000000
00000000
00000000
00000000
00000000
00000000
00000000
00000000
00000000
00000000
00000000
00000000
00000000
00000000
00000000
00000000
00000000
00000000
00000000
00000100
00000110
00000010
00000010
00000010
00000001
00000001
00000001
00000010
00000010
00000010
00000001
00000001
00000001
00000001
00000001
00000001
00000001
00000100
00000001
00000010
00000010
00000101
00000100
00000101
00000101
00000111
00000100
00000010
00000010
00000010
00000010
00000000
00000000
00000000
00000000
00000000
00000000
00000000
00000000
00000000
00000000
00000000
00000000
00000000
00000000
00000000
00000000
00000000
00000000
00000000
00000000
00000000
00000000
00000000
