10000000000000000
01000000000000000
00101010101010101
00100000000000000
00011001100110011
00010101010101011
00010010010010010
00010000000000000
00001110001110010
00001100110011010
00001011101000110
00001010101010101
00001001110110001
00001001001001001
00001000100010001
00001000000000000
00000111100001111
00000111000111001
00000110101111001
00000110011001101
00000110000110001
00000101110100011
00000101100100001
00000101010101011
00000101000111101
00000100111011001
00000100101111011
00000100100100101
00000100011010100
00000100010001001
00000100001000010
00000100000000000
00000011111000010
00000011110001000
00000011101010000
00000011100011100
00000011011101011
00000011010111101
00000011010010000
00000011001100110
00000011000111110
00000011000011000
00000010111110100
00000010111010001
00000010110110000
00000010110010001
00000010101110010
00000010101010101
00000010100111001
00000010100011111
00000010100000101
00000010011101100
00000010011010101
00000010010111110
00000010010101000
00000010010010010
00000010001111110
00000010001101010
00000010001010111
00000010001000100
00000010000110010
00000010000100001
00000010000010000
00000010000000000
00000001111110000
00000001111100001
00000001111010010
00000001111000100
00000001110110110
00000001110101000
00000001110011011
00000001110001110
00000001110000010
00000001101110110
00000001101101010
00000001101011110
00000001101010011
00000001101001000
00000001100111110
00000001100110011
00000001100101001
00000001100011111
00000001100010110
00000001100001100
00000001100000011
00000001011111010
00000001011110001
00000001011101001
00000001011100000
00000001011011000
00000001011010000
00000001011001000
00000001011000001
00000001010111001
00000001010110010
00000001010101011
00000001010100100
00000001010011101
00000001010010110
00000001010001111
00000001010001001
00000001010000011
00000001001111100
00000001001110110
00000001001110000
00000001001101010
00000001001100100
00000001001011111
00000001001011001
00000001001010100
00000001001001110
00000001001001001
00000001001000100
00000001000111111
00000001000111010
00000001000110101
00000001000110000
00000001000101011
00000001000100111
00000001000100010
00000001000011110
00000001000011001
00000001000010101
00000001000010001
00000001000001100
00000001000001000
00000001000000100
00000001000000000
00000000111111100
00000000111111000
00000000111110100
00000000111110000
00000000111101101
00000000111101001
00000000111100101
00000000111100010
00000000111011110
00000000111011011
00000000111010111
00000000111010100
00000000111010001
00000000111001110
00000000111001010
00000000111000111
00000000111000100
00000000111000001
00000000110111110
00000000110111011
00000000110111000
00000000110110101
00000000110110010
00000000110101111
00000000110101100
00000000110101010
00000000110100111
00000000110100100
00000000110100001
00000000110011111
00000000110011100
00000000110011010
00000000110010111
00000000110010101
00000000110010010
00000000110010000
00000000110001101
00000000110001011
00000000110001000
00000000110000110
00000000110000100
00000000110000010
00000000101111111
00000000101111101
00000000101111011
00000000101111001
00000000101110110
00000000101110100
00000000101110010
00000000101110000
00000000101101110
00000000101101100
00000000101101010
00000000101101000
00000000101100110
00000000101100100
00000000101100010
00000000101100000
00000000101011110
00000000101011101
00000000101011011
00000000101011001
00000000101010111
00000000101010101
00000000101010100
00000000101010010
00000000101010000
00000000101001110
00000000101001101
00000000101001011
00000000101001001
00000000101001000
00000000101000110
00000000101000100
00000000101000011
00000000101000001
00000000101000000
00000000100111110
00000000100111101
00000000100111011
00000000100111010
00000000100111000
00000000100110111
00000000100110101
00000000100110100
00000000100110010
00000000100110001
00000000100101111
00000000100101110
00000000100101101
00000000100101011
00000000100101010
00000000100101001
00000000100100111
00000000100100110
00000000100100101
00000000100100011
00000000100100010
00000000100100001
00000000100011111
00000000100011110
00000000100011101
00000000100011100
00000000100011010
00000000100011001
00000000100011000
00000000100010111
00000000100010110
00000000100010101
00000000100010011
00000000100010010
00000000100010001
00000000100010000
00000000100001111
00000000100001110
00000000100001101
00000000100001011
00000000100001010
00000000100001001
00000000100001000
00000000100000111
00000000100000110
00000000100000101
00000000100000100
00000000100000011
00000000100000010
00000000100000001
00000000100000000
