00000000
00000000
00000000
00000000
00000011
00000111
00000101
00000100
00000010
00000011
00000100
00000100
00000011
00000011
00000010
00000010
00000010
00000010
00000010
00000010
00000010
00000001
00000001
00000001
00000001
00000001
00000001
00000001
00000001
00000000
00000000
00000000
00000100
00001011
00001001
00000111
00000100
00000011
00000010
00000010
00000010
00000011
00000011
00000010
00000010
00000000
00000001
00000001
00000001
00000010
00000011
00000010
00000011
00000011
00000011
00000100
00000101
00001000
00001110
00010100
00001010
00000101
00000000
00000000
00000000
00000000
00000000
00000000
00000000
00000000
00000000
00000000
00000000
00000000
00000000
00000010
00000101
00000111
00000111
00000111
00000111
00000111
00000111
00000111
00000111
00000110
00000100
00000100
00000011
00000010
00000010
00000010
00000001
00000001
00000000
00000001
00000001
00000010
00000010
00000010
00000010
00000010
00000011
00000010
00000010
00000010
00000110
00001000
00001000
00001110
00010100
00001010
00000101
00000000
00000000
00000000
00000000
00000000
00000000
00000000
00000000
00000000
00000000
00000000
00000000
00000000
00000000
00000000
00000000
00000000
00000000
00000000
00000000
00000000
00000000
00000000
00000000
00000000
00000000
00000000
00000000
00000000
00000000
00000000
00000000
00000000
00000000
00000000
00001010
00010000
00001010
00000111
00000110
00000011
00000000
00000000
00000000
00000011
00001010
00000110
00000001
00000001
00000001
00000000
00000000
00000000
00000000
00000000
00000000
00000001
00000001
00000001
00000001
00000001
00000001
00000001
00000001
00000011
00001010
00000111
00000000
00000000
00000000
00000000
00000000
00000000
00000000
00000000
00000000
00000000
00000000
00000000
00000000
00000000
00000000
00000000
00000000
00000000
00000000
00000000
00000000
00000000
00000001
00000010
00000001
00000000
00000000
00000000
00000000
00000000
00000000
00000000
00000000
00000000
00000000
00000000
00000000
00000111
00001011
00000101
00000011
00000011
00000011
00000011
00000010
00000010
00000010
00000001
00000000
00000010
00000000
00000001
00000010
00000000
00000001
00000001
00000001
00000010
00000110
00001001
00000000
00000000
00000000
00000000
00000000
00000000
00000000
00000000
00000000
00000000
00000000
00000000
00000000
00000000
00000000
00000000
